          n  cpg_oe_mean  cpg_island_frac  max_homopolymer_mean  AT_rep_mean  \
label                                                                          
1      5000     0.684366           0.6544                5.4708       0.0036   
2      5000     0.549176           0.4464                6.1842       0.0228   
5      5000     0.245362           0.0518                6.2822       0.0176   
6      5000     0.211248           0.0408                6.2530       0.0322   
10     5000     0.199638           0.0392                6.1828       0.0220   
13     5000     0.180350           0.0304                5.8372       0.0374   
14     5000     0.731729           0.7288                5.2454       0.0012   
15     5000     0.457445           0.3002                5.1990       0.0020   
18     5000     0.186080           0.0360                5.8940       0.0330   

       CA_rep_mean  TG_rep_mean  TA_rep_mean  polyA6_mean  polyT6_mean  \
label                                                                    
1           0.0160       0.0142       0.0026       0.1014       0.0950   
2           0.0186       0.0134       0.0262       0.2152       0.2094   
5           0.0126       0.0168       0.0176       0.2636       0.2790   
6           0.0170       0.0188       0.0288       0.2824       0.2712   
10          0.0146       0.0216       0.0204       0.2610       0.2596   
13          0.0170       0.0164       0.0302       0.2386       0.2394   
14          0.0204       0.0190       0.0012       0.0484       0.0474   
15          0.0284       0.0238       0.0018       0.0554       0.0510   
18          0.0110       0.0172       0.0264       0.2422       0.2508   

       polyC6_mean  polyG6_mean  KRAB_ZNF_TGCAG_mean  CTCF_core_mean  
label                                                                 
1           0.0910       0.0924               0.2752          0.0016  
2           0.1036       0.1012               0.2858          0.0012  
5           0.0226       0.0244               0.3674          0.0002  
6           0.0206       0.0216               0.3086          0.0000  
10          0.0176       0.0162               0.2802          0.0000  
13          0.0170       0.0136               0.2996          0.0000  
14          0.1246       0.1242               0.3448          0.0010  
15          0.0974       0.1040               0.4192          0.0000  
18          0.0146       0.0144               0.2800          0.0000  
Wrote: /content/drive/MyDrive/chromatin_phase8/state_hint_output/label_repeat_znf_features.csv
